34
RECTANGULO
70;40;312;238
0;0;0
Arial;0;12

1.0;1;1;1.0;10.0 0.0;0.0
153;153;255
RECTANGULO
94;61;285;214
0;0;0
Arial;0;12

1.0;1;1;1.0;10.0 0.0;0.0
153;153;255
RECTANGULO
123;86;262;194
0;0;0
Arial;0;12

1.0;1;1;1.0;10.0 0.0;0.0
153;153;255
RECTANGULO
174;125;209;152
0;0;0
Arial;0;12

1.0;1;1;1.0;10.0 0.0;0.0
153;153;255
LINEA
70;238;312;42
0;0;0
Arial;0;12

1.0;1;1;1.0;10.0 0.0;0.0
LINEA
70;40;311;237
0;0;0
Arial;0;12

1.0;1;1;1.0;10.0 0.0;0.0
RECTANGULO
189;135;196;144
0;0;0
Arial;0;12

1.0;1;1;1.0;10.0 0.0;0.0
51;51;51
OVALO
125;346;215;389
0;0;0
Arial;0;12

1.0;1;1;1.0;10.0 0.0;0.0
255;0;0
RECTANGULO
165;334;173;348
0;0;0
Arial;0;12

1.0;1;1;1.0;10.0 0.0;0.0
0;153;51
LINEA
169;332;178;326
0;0;0
Arial;0;12

1.0;1;1;1.0;10.0 0.0;0.0
LINEA
170;332;179;333
0;0;0
Arial;0;12

1.0;1;1;1.0;10.0 0.0;0.0
LINEA
513;165;448;298
204;204;0
Arial;0;12

1.0;1;1;1.0;10.0 0.0;0.0
LINEA
449;299;585;352
204;204;0
Arial;0;12

1.0;1;1;1.0;10.0 0.0;0.0
LINEA
514;164;586;352
204;204;0
Arial;0;12

1.0;1;1;1.0;10.0 0.0;0.0
LINEA
515;166;632;220
204;204;0
Arial;0;12

1.0;1;1;1.0;10.0 0.0;0.0
LINEA
634;221;586;351
204;204;0
Arial;0;12

1.0;1;1;1.0;10.0 0.0;0.0
LINEA
526;194;536;176
204;204;0
Arial;0;12

1.0;1;1;1.0;10.0 0.0;0.0
LINEA
533;207;548;182
204;204;0
Arial;0;12

1.0;1;1;1.0;10.0 0.0;0.0
LINEA
539;223;558;185
204;204;0
Arial;0;12

1.0;1;1;1.0;10.0 0.0;0.0
LINEA
546;238;569;193
204;204;0
Arial;0;12

1.0;1;1;1.0;10.0 0.0;0.0
LINEA
551;259;581;198
204;204;0
Arial;0;12

1.0;1;1;1.0;10.0 0.0;0.0
LINEA
559;277;596;204
204;204;0
Arial;0;12

1.0;1;1;1.0;10.0 0.0;0.0
LINEA
565;296;609;209
204;204;0
Arial;0;12

1.0;1;1;1.0;10.0 0.0;0.0
LINEA
571;312;619;214
204;204;0
Arial;0;12

1.0;1;1;1.0;10.0 0.0;0.0
LINEA
579;328;627;218
204;204;0
Arial;0;12

1.0;1;1;1.0;10.0 0.0;0.0
LINEA
526;192;505;187
204;204;0
Arial;0;12

1.0;1;1;1.0;10.0 0.0;0.0
LINEA
528;206;502;200
204;204;0
Arial;0;12

1.0;1;1;1.0;10.0 0.0;0.0
LINEA
538;227;492;213
204;204;0
Arial;0;12

1.0;1;1;1.0;10.0 0.0;0.0
LINEA
544;240;485;229
204;204;0
Arial;0;12

1.0;1;1;1.0;10.0 0.0;0.0
LINEA
551;258;478;242
204;204;0
Arial;0;12

1.0;1;1;1.0;10.0 0.0;0.0
LINEA
555;277;470;258
204;204;0
Arial;0;12

1.0;1;1;1.0;10.0 0.0;0.0
LINEA
563;296;462;270
204;204;0
Arial;0;12

1.0;1;1;1.0;10.0 0.0;0.0
LINEA
569;310;462;279
204;204;0
Arial;0;12

1.0;1;1;1.0;10.0 0.0;0.0
LINEA
576;329;454;288
204;204;0
Arial;0;12

1.0;1;1;1.0;10.0 0.0;0.0
