71
RECTANGULO
112;36;465;363
0;0;0
204;204;255
Arial;0;12

1.0;1;1;1.0;10.0 0.0;0.0
LINEA
465;36;112;362
0;0;0
204;204;255
Arial;0;12

1.0;1;1;1.0;10.0 0.0;0.0
LINEA
113;36;465;362
0;0;0
204;204;255
Arial;0;12

1.0;1;1;1.0;10.0 0.0;0.0
LINEA
269;218;307;216
0;0;0
204;204;255
Arial;0;12

1.0;1;1;1.0;10.0 0.0;0.0
LINEA
211;272;367;272
0;0;0
204;204;255
Arial;0;12

1.0;1;1;1.0;10.0 0.0;0.0
LINEA
157;321;417;317
0;0;0
204;204;255
Arial;0;12

1.0;1;1;1.0;10.0 0.0;0.0
LINEA
157;320;155;77
0;0;0
204;204;255
Arial;0;12

1.0;1;1;1.0;10.0 0.0;0.0
LINEA
210;269;205;120
0;0;0
204;204;255
Arial;0;12

1.0;1;1;1.0;10.0 0.0;0.0
LINEA
268;215;267;180
0;0;0
204;204;255
Arial;0;12

1.0;1;1;1.0;10.0 0.0;0.0
LINEA
307;181;307;213
0;0;0
204;204;255
Arial;0;12

1.0;1;1;1.0;10.0 0.0;0.0
LINEA
306;182;267;179
0;0;0
204;204;255
Arial;0;12

1.0;1;1;1.0;10.0 0.0;0.0
LINEA
368;272;368;126
0;0;0
204;204;255
Arial;0;12

1.0;1;1;1.0;10.0 0.0;0.0
LINEA
367;125;206;121
0;0;0
204;204;255
Arial;0;12

1.0;1;1;1.0;10.0 0.0;0.0
LINEA
417;314;418;80
0;0;0
204;204;255
Arial;0;12

1.0;1;1;1.0;10.0 0.0;0.0
LINEA
417;79;156;75
0;0;0
204;204;255
Arial;0;12

1.0;1;1;1.0;10.0 0.0;0.0
RECTANGULO
284;194;293;202
0;0;0
0;0;51
Arial;0;12

1.0;1;1;1.0;10.0 0.0;0.0
LINEA
493;346;582;199
255;204;0
255;204;51
Arial;0;12

1.0;1;1;1.0;10.0 0.0;0.0
LINEA
495;346;630;383
255;204;0
255;204;51
Arial;0;12

1.0;1;1;1.0;10.0 0.0;0.0
LINEA
630;383;583;199
255;204;0
255;204;51
Arial;0;12

1.0;1;1;1.0;10.0 0.0;0.0
LINEA
631;383;684;285
255;204;0
255;204;51
Arial;0;12

1.0;1;1;1.0;10.0 0.0;0.0
LINEA
685;286;584;200
255;204;0
255;204;51
Arial;0;12

1.0;1;1;1.0;10.0 0.0;0.0
LINEA
577;211;586;213
255;204;0
255;204;51
Arial;0;12

1.0;1;1;1.0;10.0 0.0;0.0
LINEA
586;213;591;208
255;204;0
255;204;51
Arial;0;12

1.0;1;1;1.0;10.0 0.0;0.0
LINEA
547;257;601;269
255;204;0
255;204;51
Arial;0;12

1.0;1;1;1.0;10.0 0.0;0.0
LINEA
601;268;624;235
255;204;0
255;204;51
Arial;0;12

1.0;1;1;1.0;10.0 0.0;0.0
LINEA
524;296;613;318
255;204;0
255;204;51
Arial;0;12

1.0;1;1;1.0;10.0 0.0;0.0
LINEA
615;318;649;257
255;204;0
255;204;51
Arial;0;12

1.0;1;1;1.0;10.0 0.0;0.0
LINEA
508;322;622;352
255;204;0
255;204;51
Arial;0;12

1.0;1;1;1.0;10.0 0.0;0.0
LINEA
622;352;667;272
255;204;0
255;204;51
Arial;0;12

1.0;1;1;1.0;10.0 0.0;0.0
LINEA
538;274;605;285
255;204;0
255;204;51
Arial;0;12

1.0;1;1;1.0;10.0 0.0;0.0
LINEA
605;285;634;243
255;204;0
255;204;51
Arial;0;12

1.0;1;1;1.0;10.0 0.0;0.0
LINEA
593;237;608;220
255;204;0
255;204;51
Arial;0;12

1.0;1;1;1.0;10.0 0.0;0.0
LINEA
593;237;565;229
255;204;0
255;204;51
Arial;0;12

1.0;1;1;1.0;10.0 0.0;0.0
LINEA
501;335;626;365
255;204;0
255;204;51
Arial;0;12

1.0;1;1;1.0;10.0 0.0;0.0
LINEA
628;363;676;279
255;204;0
255;204;51
Arial;0;12

1.0;1;1;1.0;10.0 0.0;0.0
LINEA
618;329;657;263
255;204;0
255;204;51
Arial;0;12

1.0;1;1;1.0;10.0 0.0;0.0
LINEA
610;296;641;249
255;204;0
255;204;51
Arial;0;12

1.0;1;1;1.0;10.0 0.0;0.0
LINEA
597;247;615;230
255;204;0
255;204;51
Arial;0;12

1.0;1;1;1.0;10.0 0.0;0.0
LINEA
597;247;558;241
255;204;0
255;204;51
Arial;0;12

1.0;1;1;1.0;10.0 0.0;0.0
LINEA
607;296;531;284
255;204;0
255;204;51
Arial;0;12

1.0;1;1;1.0;10.0 0.0;0.0
LINEA
616;331;516;310
255;204;0
255;204;51
Arial;0;12

1.0;1;1;1.0;10.0 0.0;0.0
OVALO
132;403;209;450
204;0;0
255;0;0
Arial;0;12

1.0;1;1;1.0;10.0 0.0;0.0
RECTANGULO
168;397;170;404
0;102;0
0;102;0
Arial;0;12

1.0;1;1;1.0;10.0 0.0;0.0
LINEA
169;394;174;392
0;102;0
0;102;0
Arial;0;12

1.0;1;1;1.0;10.0 0.0;0.0
LINEA
176;392;178;393
0;102;0
0;102;0
Arial;0;12

1.0;1;1;1.0;10.0 0.0;0.0
LINEA
180;395;177;397
0;102;0
0;102;0
Arial;0;12

1.0;1;1;1.0;10.0 0.0;0.0
LINEA
175;398;170;397
0;102;0
0;102;0
Arial;0;12

1.0;1;1;1.0;10.0 0.0;0.0
LINEA
169;395;169;393
0;102;0
0;102;0
Arial;0;12

1.0;1;1;1.0;10.0 0.0;0.0
LINEA
546;103;518;121
51;51;255
0;102;0
Arial;0;12

1.0;1;1;1.0;10.0 0.0;0.0
LINEA
518;121;542;128
51;51;255
0;102;0
Arial;0;12

1.0;1;1;1.0;10.0 0.0;0.0
LINEA
543;128;568;128
51;51;255
0;102;0
Arial;0;12

1.0;1;1;1.0;10.0 0.0;0.0
LINEA
568;128;596;128
51;51;255
0;102;0
Arial;0;12

1.0;1;1;1.0;10.0 0.0;0.0
LINEA
596;128;618;122
51;51;255
0;102;0
Arial;0;12

1.0;1;1;1.0;10.0 0.0;0.0
LINEA
619;122;589;106
51;51;255
0;102;0
Arial;0;12

1.0;1;1;1.0;10.0 0.0;0.0
LINEA
589;106;579;109
51;51;255
0;102;0
Arial;0;12

1.0;1;1;1.0;10.0 0.0;0.0
LINEA
578;109;566;109
51;51;255
0;102;0
Arial;0;12

1.0;1;1;1.0;10.0 0.0;0.0
LINEA
564;109;555;108
51;51;255
0;102;0
Arial;0;12

1.0;1;1;1.0;10.0 0.0;0.0
LINEA
555;108;545;102
51;51;255
0;102;0
Arial;0;12

1.0;1;1;1.0;10.0 0.0;0.0
LINEA
545;101;553;82
153;204;255
0;102;0
Arial;0;12

1.0;1;1;1.0;10.0 0.0;0.0
LINEA
553;81;570;77
153;204;255
0;102;0
Arial;0;12

1.0;1;1;1.0;10.0 0.0;0.0
LINEA
572;77;582;81
153;204;255
0;102;0
Arial;0;12

1.0;1;1;1.0;10.0 0.0;0.0
LINEA
583;81;590;105
153;204;255
0;102;0
Arial;0;12

1.0;1;1;1.0;10.0 0.0;0.0
LINEA
572;78;563;84
153;204;255
0;102;0
Arial;0;12

1.0;1;1;1.0;10.0 0.0;0.0
LINEA
563;84;557;107
153;204;255
0;102;0
Arial;0;12

1.0;1;1;1.0;10.0 0.0;0.0
LINEA
572;77;576;84
153;204;255
0;102;0
Arial;0;12

1.0;1;1;1.0;10.0 0.0;0.0
LINEA
577;84;579;106
153;204;255
0;102;0
Arial;0;12

1.0;1;1;1.0;10.0 0.0;0.0
LINEA
550;129;544;139
153;204;255
0;102;0
Arial;0;12

1.0;1;1;1.0;10.0 0.0;0.0
LINEA
588;129;596;137
153;204;255
0;102;0
Arial;0;12

1.0;1;1;1.0;10.0 0.0;0.0
OVALO
538;137;547;143
51;51;51
0;0;0
Arial;0;12

1.0;1;1;1.0;10.0 0.0;0.0
OVALO
590;135;601;140
51;51;51
0;0;0
Arial;0;12

1.0;1;1;1.0;10.0 0.0;0.0
RECTANGULO
478;17;658;69
204;255;255
204;204;204
Bauhaus 93;2;16
Venimos en PAZ
1.0;1;1;1.0;10.0 0.0;0.0
